1, 0, 65535:65535:65535.65535, nan, nan, 99.99, nan
4, 0.5, -0.6, 0.3, 9.8, 0,0, 0
3, 0.5, -0.7, 0, 0.7
7, 5, 1, 0, 0, 0
6, 1, 971.9, 0, 970.2, 971.7,973,
2, 1.036, 65535:65535:65535.65535, nan, nan, nan, nan
4, 1, -0.6, 0.3, 9.7, -0.1,0, 0
3, 1, -0.7, 0, 0.7
7, 10, 0.984558, 0.0144043, 0.0359497, 0.170776
5, 1, 31.6, 28.5, 26, 31.9, 34.1, 16.3
1, 0.01, 65535:65535:65535.65535, nan, nan, 99.99, nan
4, 1.5, -0.6, 0.3, 9.8, 0,0, 0
3, 1.5, -0.7, 0, 0.7
7, 15, 0.984558, 0.0145264, 0.0360107, 0.170776
6, 2, 971.6, 0, 970, 971.5,973,
5, 2, 31.5, 28.1, 26, 31.9, 34, 16.3
2, 2.037, 65535:65535:65535.65535, nan, nan, nan, nan
1, 0.02, 65535:65535:65535.65535, nan, nan, 99.99, nan
4, 2, -0.6, 0.3, 9.8, 0,0, 0
3, 2, -0.7, 0, 0.7
7, 20, 0.984558, 0.0145264, 0.0360107, 0.170776
4, 2.6, -0.6, 0.3, 9.8, 0,0, 0
3, 2.6, -0.7, 0, 0.7
7, 26, 0.984558, 0.0145264, 0.0360107, 0.170776
6, 3, 971.6, 0, 969.8, 971.5,973.3,
5, 3, 31.3, 28.4, 26, 31.8, 34, 16.6
2, 3.027, 65535:65535:65535.65535, nan, nan, nan, nan
1, 0.03, 65535:65535:65535.65535, nan, nan, 99.99, nan
4, 3.1, -0.6, 0.3, 9.8, 0,0, 0
3, 3.1, -0.7, 0, 0.7
7, 31, 0.984558, 0.0145264, 0.0360107, 0.170776
4, 3.6, -0.6, 0.3, 9.7, 0,0, 0
3, 3.6, -0.7, 0, 0.7
7, 36, 0.984558, 0.0145264, 0.0360107, 0.170776
6, 4, 971.5, 0, 970, 971.5,973,
2, 4.033, 65535:65535:65535.65535, nan, nan, nan, nan
5, 4, 31.3, 28.4, 26, 31.9, 34, 16.6
1, 0.04, 65535:65535:65535.65535, nan, nan, 99.99, nan
4, 4.2, -0.6, 0.3, 9.8, 0.1,0.1, -0.1
3, 4.2, -0.7, 0, 0.7
7, 42, 0.984558, 0.0145264, 0.0360107, 0.170776
4, 4.7, -0.6, 0.3, 9.8, 0,-0.1, 0
3, 4.7, -0.7, 0, 0.7
7, 47, 0.984558, 0.0145264, 0.0360107, 0.170776
6, 5, 971.6, 0, 970, 971.3,973,
2, 5.029, 65535:65535:65535.65535, nan, nan, nan, nan
1, 0.05, 65535:65535:65535.65535, nan, nan, 99.99, nan
5, 5, 31.3, 28.4, 26, 31.6, 34, 16.6
4, 5.2, -0.6, 0.3, 9.7, 0,0, 0
3, 5.2, -0.7, 0, 0.7
7, 52, 0.984558, 0.0146484, 0.0360718, 0.170776
4, 5.7, -0.6, 0.3, 9.7, 0,0, 0
3, 5.7, -0.7, 0, 0.7
7, 57, 0.984558, 0.0146484, 0.0360718, 0.170715
2, 6.027, 65535:65535:65535.65535, nan, nan, nan, nan
6, 6, 971.6, 0, 970.2, 971.5,973,
5, 6, 31.3, 28.4, 26, 31.6, 34, 16.6
1, 0.06, 65535:65535:65535.65535, nan, nan, 99.99, nan
4, 6.2, -0.7, 0.3, 9.8, -0.1,-0.1, 0
3, 6.2, -0.7, 0, 0.7
7, 62, 0.984558, 0.0146484, 0.0361328, 0.170715
4, 6.8, -0.7, 0.3, 9.7, 0,0, -0.1
3, 6.8, -0.7, 0, 0.7
7, 68, 0.984558, 0.0146484, 0.0361328, 0.170715
6, 7, 971.1, 0, 970, 971.5,973.3,
5, 7, 31.2, 28.1, 26, 31.6, 34, 16.6
2, 7.031, 65535:65535:65535.65535, nan, nan, nan, nan
1, 0.07, 65535:65535:65535.65535, nan, nan, 99.99, nan
4, 7.3, -0.6, 0.4, 9.8, 0,0, 0
3, 7.3, -0.7, 0, 0.7
7, 73, 0.984558, 0.0145874, 0.0361328, 0.170776
4, 7.8, -0.6, 0.4, 9.7, -0.2,0, 0
3, 7.8, -0.7, 0, 0.7
7, 78, 0.984558, 0.0145874, 0.0360107, 0.170837
6, 8, 971.9, 0, 970, 971.3,973,
2, 8.028, 65535:65535:65535.65535, nan, nan, nan, nan
5, 8, 31.1, 28.4, 26, 31.9, 34, 16.3
1, 0.08, 65535:65535:65535.65535, nan, nan, 99.99, nan
4, 8.3, -0.6, 0.3, 9.8, -0.1,0, -0.2
3, 8.3, -0.7, 0, 0.7
7, 83, 0.984558, 0.0145874, 0.0358887, 0.170837
4, 8.9, -0.6, 0.3, 9.8, -0.1,-0.1, -0.1
3, 8.9, -0.7, 0, 0.7
7, 89, 0.984497, 0.0147705, 0.0358887, 0.170959
6, 9, 971.5, 0, 970.2, 971.5,973,
2, 9.024, 65535:65535:65535.65535, nan, nan, nan, nan
5, 9, 31.1, 28.4, 26, 31.6, 34.1, 16.6
1, 0.09, 65535:65535:65535.65535, nan, nan, 99.99, nan
4, 9.4, -0.6, 0.3, 9.7, -0.1,0.1, 0
3, 9.4, -0.7, 0, 0.7
7, 94, 0.984497, 0.0147705, 0.0360107, 0.170898
4, 9.9, -0.6, 0.3, 9.7, 0,0, 0
3, 9.9, -0.7, 0, 0.7
7, 99, 0.984558, 0.0146484, 0.0358887, 0.170837
2, 10.017, 65535:65535:65535.65535, nan, nan, nan, nan
6, 10, 971.5, 0, 970, 971.7,973.8,
5, 10, 31.4, 28.4, 26, 31.9, 34.1, 16.6
1, 0.1, 65535:65535:65535.65535, nan, nan, 99.99, nan
4, 10.4, -0.6, 0.3, 9.7, 0.1,0, 0
3, 10.4, -0.7, 0, 0.7
7, 104, 0.984558, 0.0146484, 0.0358887, 0.170898
4, 11, -0.6, 0.3, 9.8, 0,0, 0
3, 11, -0.7, 0, 0.7
7, 110, 0.984497, 0.0146484, 0.0358887, 0.170959
2, 11.023, 65535:65535:65535.65535, nan, nan, nan, nan
6, 11, 971.2, 0, 970.2, 971.5,973,
1, 0.11, 65535:65535:65535.65535, nan, nan, 99.99, nan
5, 11, 31.5, 28.4, 26, 31.9, 34.1, 16.6
4, 11.5, -0.6, 0.3, 9.8, 0,0, 0
3, 11.5, -0.7, 0, 0.7
7, 115, 0.984497, 0.0146484, 0.0358887, 0.170959
2, 12.019, 65535:65535:65535.65535, nan, nan, nan, nan
4, 12, -0.6, 0.3, 9.7, 0,0, 0
3, 12, -0.7, 0, 0.7
7, 120, 0.984497, 0.0145874, 0.0358887, 0.170959
6, 12, 971.6, 0, 970.2, 971.7,972.7,
1, 0.12, 65535:65535:65535.65535, nan, nan, 99.99, nan
5, 12, 31.5, 28.1, 26, 31.6, 34.1, 16.5
4, 12.5, -0.6, 0.3, 9.7, -0.2,0, 0
3, 12.5, -0.7, 0, 0.7
7, 125, 0.984558, 0.0145874, 0.0360107, 0.170837
2, 13.012, 65535:65535:65535.65535, nan, nan, nan, nan
6, 13, 971.2, 0, 969.8, 971.3,973,
1, 0.13, 65535:65535:65535.65535, nan, nan, 99.99, nan
5, 13, 31.2, 28.4, 26, 31.9, 33.8, 16.6
4, 13, -0.6, 0.3, 9.8, -0.1,0, -0.1
3, 13, -0.7, 0, 0.7
7, 130, 0.984558, 0.0145874, 0.0359497, 0.170837
4, 13.5, -0.7, 0.3, 9.8, 0,0, 0
3, 13.5, -0.7, 0, 0.7
7, 135, 0.984558, 0.0145874, 0.0359497, 0.170837
2, 14.011, 65535:65535:65535.65535, nan, nan, nan, nan
6, 14, 971.6, 0, 970.2, 971.5,973.5, 
5, 14, 31.2, 28.4, 26.2, 31.6, 34.1, 16.6
1, 0.14, 65535:65535:65535.65535, nan, nan, 99.99, nan
4, 14.1, -0.6, 0.4, 9.8, 0.1,0, 0.1
3, 14.1, -0.7, 0, 0.7
7, 141, 0.984497, 0.0145874, 0.0360718, 0.170898
4, 14.6, -0.6, 0.3, 9.8, -0.1,-0.1, 0
3, 14.6, -0.7, 0, 0.7
7, 146, 0.984558, 0.0145874, 0.0360718, 0.170593
2, 15.014, 65535:65535:65535.65535, nan, nan, nan, nan
1, 0.15, 65535:65535:65535.65535, nan, nan, 99.99, nan
6, 15, 971.6, 0, 970, 971.7,973.3,
5, 15, 31.2, 28.1, 26.2, 31.6, 34.1, 16.3
4, 15.1, -0.6, 0.3, 9.7, -0.1,-0.1, 0
3, 15.1, -0.7, 0, 0.7
7, 151, 0.984558, 0.0145874, 0.0360718, 0.170532
4, 15.6, -0.6, 0.3, 9.8, -0.1,0, 0
3, 15.6, -0.7, 0, 0.7
7, 156, 0.984558, 0.0145874, 0.0360718, 0.170532
2, 16.019, 65535:65535:65535.65535, nan, nan, nan, nan
1, 0.16, 65535:65535:65535.65535, nan, nan, 99.99, nan
6, 16, 971.6, 0, 970.2, 971.3,972.7,
5, 16, 31.5, 28.4, 26, 31.8, 34.1, 16.3
4, 16.1, -0.6, 0.3, 9.8, 0,0, 0
3, 16.1, -0.7, 0, 0.7
7, 161, 0.984619, 0.0145264, 0.0360718, 0.170471
4, 16.7, -0.7, 0.3, 9.8, 0,0, 0
3, 16.7, -0.7, 0, 0.7
7, 167, 0.984619, 0.0145264, 0.0360718, 0.170471
2, 17.009, 65535:65535:65535.65535, nan, nan, nan, nan
1, 0.17, 65535:65535:65535.65535, nan, nan, 99.99, nan
6, 17, 971.6, 0, 970, 971.1,973, 
5, 17, 31.1, 28.4, 26, 31.8, 34.1, 16.3
4, 17.2, -0.6, 0.3, 9.8, 0,0, 0
3, 17.2, -0.7, 0, 0.7
7, 172, 0.984619, 0.0145264, 0.0360718, 0.170471
4, 17.7, -0.7, 0.5, 9.7, 0,-0.1, -0.2
3, 17.7, -0.7, 0, 0.7
7, 177, 0.984619, 0.0145264, 0.0360718, 0.170471
2, 18.014, 65535:65535:65535.65535, nan, nan, nan, nan
1, 0.18, 65535:65535:65535.65535, nan, nan, 99.99, nan
6, 18, 971.5, 0, 970, 971.5,973, 
5, 18, 31.1, 28.4, 26, 31.9, 34.1, 16.3
4, 18.2, -0.7, 0.3, 9.7, -0.1,-0.1, -0.1
3, 18.2, -0.7, 0, 0.7
7, 182, 0.984619, 0.0143433, 0.0361328, 0.170349
4, 18.8, -0.6, 0.4, 9.8, 0,0, -0.1
3, 18.8, -0.7, 0, 0.7
7, 188, 0.984619, 0.0144043, 0.0360718, 0.170227
2, 19.01, 65535:65535:65535.65535, nan, nan, nan, nan
1, 0.19, 65535:65535:65535.65535, nan, nan, 99.99, nan
6, 19, 971.6, 0, 970.2, 971.9,973.3, 
5, 19, 31.5, 28.4, 26, 31.6, 34.1, 16.6
4, 19.3, -0.6, 0.3, 9.8, 0,0, -0.2
3, 19.3, -0.7, 0, 0.7
7, 193, 0.984619, 0.0142822, 0.0360718, 0.170288
4, 19.8, -0.6, 0.3, 9.7, 0,0, -0.2
3, 19.8, -0.7, 0, 0.7
7, 198, 0.984619, 0.0143433, 0.0361328, 0.170349
2, 20.012, 65535:65535:65535.65535, nan, nan, nan, nan
1, 0.2, 65535:65535:65535.65535, nan, nan, 99.99, nan
6, 20, 971.9, 0, 970.2, 971.5,973,
5, 20, 31.2, 28.4, 26, 31.6, 34.1, 16.6
4, 20.3, -0.6, 0.3, 9.8, 0,-0.2, 0
3, 20.3, -0.7, 0, 0.7
7, 203, 0.984619, 0.0142822, 0.0360718, 0.170349
4, 20.8, -0.6, 0.3, 9.8, 0.2,0, 0.2
3, 20.8, -0.7, 0, 0.7
7, 208, 0.984619, 0.0142212, 0.0361328, 0.17041
2, 21.008, 65535:65535:65535.65535, nan, nan, nan, nan
1, 0.21, 65535:65535:65535.65535, nan, nan, 99.99, nan
6, 21, 971.9, 0, 970, 971.3,973.5,
5, 21, 31.2, 28.4, 26, 31.6, 34.1, 16.6
4, 21.4, -0.6, 0.3, 9.8, 0,0, 0
3, 21.4, -0.7, 0, 0.7
7, 214, 0.984619, 0.0143433, 0.0361938, 0.17041
4, 21.9, -0.6, 0.3, 9.8, 0,0, 0
3, 21.9, -0.7, 0, 0.7
7, 219, 0.984619, 0.0143433, 0.0361938, 0.17041
2, 22.004, 65535:65535:65535.65535, nan, nan, nan, nan
1, 0.22, 65535:65535:65535.65535, nan, nan, 99.99, nan
6, 22, 971.2, 0, 970, 971.5,973.3,
5, 22, 31.2, 28.4, 26, 31.6, 34.1, 16.3
4, 22.4, -0.6, 0.3, 9.7, 0,0, 0
3, 22.4, -0.7, 0, 0.7
7, 224, 0.984619, 0.0143433, 0.0361938, 0.17041
4, 22.9, -0.6, 0.3, 9.8, 0,0, 0
3, 22.9, -0.7, 0, 0.7
7, 229, 0.984619, 0.0143433, 0.0361938, 0.17041
2, 23.002, 65535:65535:65535.65535, nan, nan, nan, nan
1, 0.23, 65535:65535:65535.65535, nan, nan, 99.99, nan
6, 23, 971.6, 0, 969.8, 971.7,973.5, 
5, 23, 31.2, 28.4, 26, 31.6, 34.1, 16.6
4, 23.5, -0.6, 0.3, 9.8, 0,0, 0
3, 23.5, -0.7, 0, 0.7
7, 235, 0.984619, 0.0143433, 0.0361938, 0.17041
2, 24.01, 65535:65535:65535.65535, nan, nan, nan, nan
1, 0.24, 65535:65535:65535.65535, nan, nan, 99.99, nan
6, 24, 971.6, 0, 970, 971.5,972.9,
5, 24, 31.5, 28.4, 26.3, 31.8, 34.1, 16.3
4, 24, -0.6, 0.3, 9.8, 0,0, 0
3, 24, 0, -0.7, 0.7
7, 240, 0.984619, 0.0143433, 0.0361938, 0.17041
4, 24.5, -0.6, 0.3, 9.8, 0,0, 0
3, 24.5, -0.7, 0, 0.7
7, 245, 0.984619, 0.0143433, 0.0361938, 0.17041
2, 25.004, 65535:65535:65535.65535, nan, nan, nan, nan
1, 0.25, 65535:65535:65535.65535, nan, nan, 99.99, nan
6, 25, 971.6, 0, 970, 971.5,973,
5, 25, 31.2, 28.4, 26, 31.8, 34.1, 16.6
4, 25.1, -0.6, 0.3, 9.8, 0,0, 0
3, 25.1, -0.7, 0, 0.7
7, 251, 0.984619, 0.0143433, 0.0361938, 0.17041
4, 25.6, -0.6, 0.3, 9.8, 0,0, 0
3, 25.6, -0.7, 0, 0.7
7, 256, 0.984619, 0.0143433, 0.0361938, 0.17041
2, 26, 65535:65535:65535.65535, nan, nan, nan, nan
1, 0.26, 65535:65535:65535.65535, nan, nan, 99.99, nan
6, 26, 971.6, 0, 970, 971.5,972.9, 
5, 26, 31.2, 28.4, 26, 31.8, 34.1, 16.3
4, 26.1, -0.6, 0.3, 9.8, 0,0, 0
3, 26.1, -0.7, 0, 0.7
7, 261, 0.984619, 0.0143433, 0.0361938, 0.17041
4, 26.6, -0.6, 0.3, 9.8, 0,0, 0
3, 26.6, -0.7, 0, 0.7
7, 266, 0.984619, 0.0143433, 0.0361938, 0.17041
2, 26.998, 65535:65535:65535.65535, nan, nan, nan, nan
1, 0.27, 65535:65535:65535.65535, nan, nan, 99.99, nan
6, 27, 971.9, 0, 969.8, 971.5,973,
5, 27, 31.3, 28.1, 26, 31.8, 34.1, 16.6
4, 27.2, -0.6, 0.3, 9.8, 0,0, 0
3, 27.2, -0.7, 0, 0.7
7, 272, 0.984619, 0.0143433, 0.0361938, 0.17041
4, 27.7, -0.6, 0.3, 9.8, 0,0, 0
3, 27.7, -0.7, 0, 0.7
7, 277, 0.984619, 0.0143433, 0.0361938, 0.17041
2, 27.996, 65535:65535:65535.65535, nan, nan, nan, nan
1, 0.28, 65535:65535:65535.65535, nan, nan, 99.99, nan
6, 28, 971.5, 0, 970.2, 971.7,973.3,
5, 28, 31.2, 28.4, 26, 31.8, 34.1, 16.6
4, 28.2, -0.6, 0.3, 9.8, 0,0, 0
3, 28.2, -0.7, 0, 0.7
7, 282, 0.984619, 0.0143433, 0.0361938, 0.17041
4, 28.7, -0.7, 0.3, 9.8, 0,0, 0
3, 28.7, -0.7, 0, 0.7
7, 287, 0.984619, 0.0143433, 0.0361938, 0.17041
2, 29.004, 65535:65535:65535.65535, nan, nan, nan, nan
1, 0.29, 65535:65535:65535.65535, nan, nan, 99.99, nan
6, 29, 971.6, 0, 970.4, 971.7,973.5,
5, 29, 31.3, 28.1, 26, 31.6, 34.1, 16.6
4, 29.3, -0.6, 0.3, 9.8, 0,0, 0
3, 29.3, -0.7, 0, 0.7
7, 293, 0.984619, 0.0143433, 0.0361938, 0.17041
4, 29.8, -0.6, 0.3, 9.8, 0,0, 0
3, 29.8, -0.7, 0, 0.7
7, 298, 0.984619, 0.0143433, 0.0361938, 0.17041
2, 30.002, 65535:65535:65535.65535, nan, nan, nan, nan
1, 0.3, 65535:65535:65535.65535, nan, nan, 99.99, nan
6, 30, 971.6, 0, 969.8, 971.3,973.5,
5, 30, 31.2, 28.1, 26, 31.9, 34.1, 16.3
4, 30.3, -0.6, 0.3, 9.8, 0,0, 0
3, 30.3, -0.7, 0, 0.7
7, 303, 0.984619, 0.0143433, 0.0361938, 0.17041
4, 30.8, -0.6, 0.3, 9.8, 0,0, 0
3, 30.8, -0.7, 0, 0.7
7, 308, 0.984619, 0.0143433, 0.0361938, 0.17041
2, 30.997, 65535:65535:65535.65535, nan, nan, nan, nan
1, 0.31, 65535:65535:65535.65535, nan, nan, 99.99, nan
6, 31, 971.9, 0, 970.2, 971.9,972.9,
5, 31, 31.3, 28.1, 26, 31.6, 34.1, 16.3
4, 31.4, -0.6, 0.3, 9.8, 0,0, 0
3, 31.4, -0.7, 0, 0.7
7, 314, 0.984619, 0.0143433, 0.0361938, 0.17041
4, 31.9, -0.6, 0.3, 9.8, 0,0, 0
3, 31.9, -0.7, 0, 0.7
7, 319, 0.984619, 0.0143433, 0.0361938, 0.17041
2, 31.992, 65535:65535:65535.65535, nan, nan, nan, nan
1, 0.32, 65535:65535:65535.65535, nan, nan, 99.99, nan
6, 32, 971.9, 0, 969.8, 971.7,972.9, 
5, 32, 31.2, 28.4, 26.3, 31.9, 34.1, 16.6
4, 32.4, -0.6, 0.3, 9.7, 0,0, 0
3, 32.4, -0.7, 0, 0.7
7, 324, 0.984619, 0.0143433, 0.0361938, 0.17041
4, 32.9, -0.6, 0.3, 9.8, 0,0, 0
3, 32.9, -0.7, 0, 0.7
7, 329, 0.984619, 0.0143433, 0.0361938, 0.17041
2, 32.998, 65535:65535:65535.65535, nan, nan, nan, nan
1, 0.33, 65535:65535:65535.65535, nan, nan, 99.99, nan
6, 33, 971.6, 0, 970.2, 971.7,973,
5, 33, 31.3, 28.4, 26.3, 31.9, 34.1, 16.3
4, 33.4, -0.6, 0.3, 9.8, 0,0, 0
3, 33.4, -0.7, 0, 0.7
7, 334, 0.984619, 0.0143433, 0.0361938, 0.17041
2, 33.991, 65535:65535:65535.65535, nan, nan, nan, nan
1, 0.34, 65535:65535:65535.65535, nan, nan, 99.99, nan
4, 34, -0.6, 0.3, 9.8, 0,0, 0
3, 34, -0.7, 0, 0.7
7, 340, 0.984619, 0.0143433, 0.0361938, 0.17041
6, 34, 971.6, 0, 970.2, 971.5,973,
5, 34, 31.5, 28.4, 26, 31.8, 34.1, 16.6
4, 34.5, -0.6, 0.3, 9.8, 0,0, 0
3, 34.5, -0.7, 0, 0.7
7, 345, 0.984619, 0.0143433, 0.0361938, 0.17041
2, 34.997, 65535:65535:65535.65535, nan, nan, nan, nan
1, 0.35, 65535:65535:65535.65535, nan, nan, 99.99, nan
4, 35, -0.6, 0.3, 9.8, 0,0, 0
3, 35, -0.7, 0, 0.7
7, 350, 0.984619, 0.0143433, 0.0361938, 0.17041
6, 35, 971.6, 0, 970, 971.5,972.9,
5, 35, 31.2, 28.3, 26.1, 31.6, 34.1, 16.5
4, 35.5, -0.6, 0.3, 9.7, 0,0, 0
3, 35.5, -0.7, 0, 0.7
7, 355, 0.984619, 0.0143433, 0.0361938, 0.17041
2, 35.992, 65535:65535:65535.65535, nan, nan, nan, nan
1, 0.36, 65535:65535:65535.65535, nan, nan, 99.99, nan
6, 36, 971.6, 0, 970, 971.5,973,
5, 36, 31.3, 28.3, 26.1, 31.6, 34.1, 16.3
4, 36, -0.6, 0.3, 9.8, 0,0, 0
3, 36, -0.7, 0, 0.7
7, 360, 0.984619, 0.0143433, 0.0361938, 0.17041
4, 36.5, -0.6, 0.3, 9.8, 0,0, 0
3, 36.5, -0.7, 0, 0.7
7, 365, 0.984619, 0.0143433, 0.0361938, 0.17041
2, 36.993, 65535:65535:65535.65535, nan, nan, nan, nan
1, 0.37, 65535:65535:65535.65535, nan, nan, 99.99, nan
6, 37, 971.6, 0, 970, 971.7,973.3,
5, 37, 31.3, 28.4, 26.1, 31.6, 34.1, 16.6
4, 37.1, -0.6, 0.3, 9.7, 0,0, 0
3, 37.1, -0.7, 0, 0.7
7, 371, 0.984619, 0.0143433, 0.0361938, 0.17041
4, 37.6, -0.6, 0.3, 9.8, 0,0, 0
3, 37.6, -0.7, 0, 0.7
7, 376, 0.984619, 0.0143433, 0.0361938, 0.17041
2, 37.991, 65535:65535:65535.65535, nan, nan, nan, nan
1, 0.38, 65535:65535:65535.65535, nan, nan, 99.99, nan
6, 38, 971.6, 0, 970, 971.9,973, 
5, 38, 31.3, 28.4, 26.1, 31.6, 33.9, 16.3
4, 38.1, -0.6, 0, 9.8, 0.3,0, -0.4
3, 38.1, -0.7, 0, 0.7
7, 381, 0.984619, 0.0143433, 0.0361938, 0.17041
4, 38.7, -0.6, 0.1, 9.9, 0.1,-0.1, -5.1
3, 38.7, -0.7, 0, 0.7
7, 387, 0.984741, 0.0142212, 0.0360718, 0.169556
2, 38.991, 65535:65535:65535.65535, nan, nan, nan, nan
1, 0.39, 65535:65535:65535.65535, nan, nan, 99.99, nan
6, 39, 971.6, 0, 970, 971.9,973,
5, 39, 31.3, 28.1, 26.1, 31.6, 34.1, 16.6
4, 39.2, -0.6, 0.7, 9.6, 0.4,0.3, -7.3
3, 39.2, -0.7, 0, 0.7
7, 392, 0.987183, 0.012146, 0.0361938, 0.155151
4, 39.7, -1.3, 0.8, 10, -0.1,0, -6.1
3, 39.7, -0.7, 0, 0.7
7, 397, 0.993896, 0.00323486, 0.0344238, 0.104614
2, 39.987, 65535:65535:65535.65535, nan, nan, nan, nan
1, 0.4, 65535:65535:65535.65535, nan, nan, 99.99, nan
6, 40, 972, 0, 970.4, 971.7,973.3,
5, 40, 31.3, 28.4, 26.3, 31.9, 34.1, 16.6
4, 40.3, -0.5, 0.3, 9.7, -0.1,-0.1, -7.3
3, 40.3, -0.7, 0, 0.7
7, 403, 0.99646, -0.000976562, 0.0331421, 0.0770874
4, 40.8, -0.7, 0.7, 9.9, -0.2,-0.1, -1.4
3, 40.8, -0.7, 0, 0.7
7, 408, 0.997437, -0.000793457, 0.0328369, 0.0639038
2, 40.988, 65535:65535:65535.65535, nan, nan, nan, nan
1, 0.409, 65535:65535:65535.65535, nan, nan, 99.99, nan
6, 41, 971.9, 0, 970, 971.3,973,
5, 41, 31.5, 28.5, 26.1, 31.9, 34.1, 16.3
4, 41.3, -0.4, 0.4, 9.8, -0.7,-0.3, -17.4
3, 41.3, -0.7, 0, 0.7
7, 413, 0.998169, -0.000915527, 0.0314941, 0.0513916
4, 41.8, -1.6, 0.6, 10.8, 0.2,2.4, 0.5
3, 41.8, -0.7, 0, 0.7
7, 418, 0.999146, 0.00769043, 0.0345459, -0.020874
2, 41.982, 65535:65535:65535.65535, nan, nan, nan, nan
1, 0.42, 65535:65535:65535.65535, nan, nan, 99.99, nan
6, 42, 971.6, 0, 970.2, 971.7,973,
5, 42, 31.3, 28.5, 26.1, 31.8, 34.1, 16.3
4, 42.3, -0.8, 0.4, 9.7, -0.1,-0.1, -3.3
3, 42.3, -0.7, 0, 0.7
7, 423, 0.998901, 0.00842285, 0.034729, -0.0307007
4, 42.8, -0.6, 0.1, 9.9, 0,0.1, -2.2
3, 42.8, -0.7, 0, 0.7
7, 428, 0.998474, 0.00946045, 0.0349121, -0.0420532
2, 42.986, 65535:65535:65535.65535, nan, nan, nan, nan
1, 0.429, 65535:65535:65535.65535, nan, nan, 99.99, nan
6, 43, 971.2, 0, 970.2, 971.5,973.3,
5, 43, 31.3, 28.4, 26.1, 31.8, 34.1, 16.3
4, 43.4, -0.8, 0.1, 9.8, -0.1,0.1, -2.5
3, 43.4, -0.7, 0, 0.7
7, 434, 0.997986, 0.0100708, 0.0350952, -0.0517578
4, 43.9, -0.8, -0.3, 9.9, 0,0, -1.5
3, 43.9, -0.7, 0, 0.7
7, 439, 0.997925, 0.010437, 0.0354004, -0.0526733
2, 43.984, 65535:65535:65535.65535, nan, nan, nan, nan
1, 0.44, 65535:65535:65535.65535, nan, nan, 99.99, nan
6, 44, 971.6, 0, 970, 971.7,973.3,
5, 44, 31.3, 28.4, 26.1, 31.6, 34.1, 16.6
4, 44.4, -0.9, 0, 9.1, -0.3,-0.5, -3.4
3, 44.4, -0.7, 0, 0.7
7, 444, 0.997498, 0.0113525, 0.0357666, -0.0603027
2, 44.979, 65535:65535:65535.65535, nan, nan, nan, nan
4, 44.9, -0.6, 0.3, 9.6, -0.1,0, 2
3, 44.9, -0.7, 0, 0.7
7, 449, 0.997375, 0.0118408, 0.0363159, -0.0610352
1, 0.449, 65535:65535:65535.65535, nan, nan, 99.99, nan
6, 45, 971.6, 0, 970, 971.5,973,
5, 45, 31.3, 28.3, 26.1, 31.6, 34.1, 16.3
4, 45.4, -0.8, 0.3, 9.4, 0,-0.5, 6.7
3, 45.4, -0.7, 0, 0.7
7, 454, 0.998535, 0.0163574, 0.0361328, -0.0376587
2, 45.981, 65535:65535:65535.65535, nan, nan, nan, nan
1, 0.46, 65535:65535:65535.65535, nan, nan, 99.99, nan
4, 46, -0.6, 0.1, 9.1, 0.3,-0.2, -0.3
3, 46, -0.7, 0, 0.7
7, 460, 0.998474, 0.0169067, 0.0351562, -0.039856
6, 46, 971.6, 0, 970, 971.3,973,
5, 46, 31.3, 28.4, 26.1, 31.6, 34.1, 16.6
4, 46.5, -0.8, 0.8, 10.7, -0.3,-0.7, 17.9
3, 46.5, -0.7, 0, 0.7
7, 465, 0.999084, 0.0202637, 0.0348511, -0.0153198
2, 46.978, 65535:65535:65535.65535, nan, nan, nan, nan
1, 0.469, 65535:65535:65535.65535, nan, nan, 99.99, nan
4, 47, -0.4, 0.3, 9.2, -0.4,0.7, 20.8
3, 47, -0.7, 0, 0.7
7, 470, 0.995544, 0.0245361, 0.0349731, 0.0836792
6, 47, 971.6, 0, 970.2, 971.7,973,
5, 47, 31.3, 28.3, 26.1, 31.6, 34.1, 16.3
4, 47.5, -0.6, 0.4, 9.9, -0.1,0, 11.7
3, 47.5, -0.7, 0, 0.7
7, 475, 0.98877, 0.026001, 0.0353394, 0.142761
2, 47.982, 65535:65535:65535.65535, nan, nan, nan, nan
1, 0.479, 65535:65535:65535.65535, nan, nan, 99.99, nan
6, 48, 971.6, 0, 970, 971.1,972.7, 
5, 48, 31.2, 28.4, 26.4, 31.8, 34.1, 16.3
4, 48, -0.6, 0.5, 9.8, 0,0.2, 2.5
3, 48, -0.7, 0, 0.7
7, 480, 0.983582, 0.0266113, 0.0346069, 0.174988
4, 48.6, -0.6, 0.2, 9.8, -0.3,-0.1, 0
3, 48.6, -0.7, 0, 0.7
7, 486, 0.983582, 0.0266113, 0.0346069, 0.174988
2, 48.985, 65535:65535:65535.65535, nan, nan, nan, nan
1, 0.489, 65535:65535:65535.65535, nan, nan, 99.99, nan
6, 49, 971.2, 0, 970, 971.3,972.9,
5, 49, 31.2, 28.4, 26.1, 31.8, 34.1, 16.6
4, 49.1, -0.6, 0.4, 9.8, 0,0, 0.3
3, 49.1, -0.7, 0, 0.7
7, 491, 0.982849, 0.0261841, 0.0346069, 0.17926
4, 49.6, -0.6, 0.3, 9.7, -0.2,0, 0.5
3, 49.6, -0.7, 0, 0.7
7, 496, 0.982849, 0.026123, 0.0345459, 0.179321
2, 49.983, 65535:65535:65535.65535, nan, nan, nan, nan
1, 0.499, 65535:65535:65535.65535, nan, nan, 99.99, nan
6, 50, 971.6, 0, 970.4, 971.7,973,
5, 50, 31.3, 28.1, 26.3, 31.8, 34.1, 16.3
4, 50.1, -0.2, 0.2, 13.3, 0.1,0, 0.2
3, 50.1, -0.7, 0, 1.5
7, 501, 0.9823, 0.0256958, 0.0343628, 0.182312
4, 50.6, 0.3, 0, 9.5, 0,-0.7, 16.8
3, 50.6, -0.7, 0, 0.7
7, 506, 0.971741, 0.0193481, 0.0363159, 0.232544
2, 50.981, 65535:65535:65535.65535, nan, nan, nan, nan
1, 0.509, 65535:65535:65535.65535, nan, nan, 99.99, nan
6, 51, 971.6, 0, 970.2, 971.5,973,
5, 51, 31.2, 28.4, 26.1, 31.8, 34.1, 16.3
4, 51.1, -0.6, 0.3, 9.7, 0,-0.7, 16.8
3, 51.1, -0.7, 0, 0.7
7, 511, 0.971558, 0.0189209, 0.0361938, 0.233215
4, 51.7, -0.7, 0.3, 9.7, 0.1,-0.1, 0
3, 51.7, -0.7, 0, 0.7
7, 517, 0.971558, 0.0189209, 0.0362549, 0.233337
2, 51.976, 65535:65535:65535.65535, nan, nan, nan, nan
1, 0.519, 65535:65535:65535.65535, nan, nan, 99.99, nan
6, 52, 971.5, 0, 970.2, 971.3,973.3, 
5, 52, 31.3, 28.4, 26.1, 31.8, 33.9, 16.6
4, 52.2, -0.6, 0.3, 9.8, 0.1,0.1, -0.2
3, 52.2, -0.7, 0, 0.7
7, 522, 0.971497, 0.0189209, 0.0362549, 0.233521
4, 52.7, -0.8, -0.5, 9.8, 0.1,-0.1, 0.2
3, 52.7, -0.7, 0, 0.7
7, 527, 0.971436, 0.0187378, 0.0362549, 0.233704
2, 52.974, 65535:65535:65535.65535, nan, nan, nan, nan
1, 0.529, 65535:65535:65535.65535, nan, nan, 99.99, nan
6, 53, 971.6, 0, 970.2, 971.3,973,
5, 53, 31.3, 28.3, 26.1, 31.6, 34.1, 16.6
4, 53.2, -0.8, 0.3, 10.7, 0.3,0, 2.3
3, 53.2, -0.7, 0, 0.7
7, 532, 0.96936, 0.0175781, 0.0366211, 0.242249
4, 53.7, -0.4, 0.4, 9.5, -0.1,0.1, 2.5
3, 53.7, -0.7, 0, 0.7
7, 537, 0.966492, 0.0162964, 0.0366211, 0.253479
2, 53.98, 65535:65535:65535.65535, nan, nan, nan, nan
1, 0.539, 65535:65535:65535.65535, nan, nan, 99.99, nan
6, 54, 971.5, 0, 970, 971.3,973,
5, 54, 31.2, 28.4, 26.1, 31.6, 34.1, 16.6
4, 54.2, -0.6, 1, 9.6, -0.2,-0.3, 0.8
3, 54.2, -0.7, 0, 0.7
7, 542, 0.964661, 0.0165405, 0.036438, 0.260437
4, 54.8, -1.1, 0.1, 8.1, 0.6,-0.1, -5.3
3, 54.8, -0.7, 0, 0.7
7, 548, 0.968811, 0.0105591, 0.0371704, 0.24469
2, 54.974, 65535:65535:65535.65535, nan, nan, nan, nan
1, 0.549, 65535:65535:65535.65535, nan, nan, 99.99, nan
6, 55, 971.6, 0, 970, 971.5,973,
5, 55, 31.2, 28.1, 26.1, 31.6, 34.1, 16.4
4, 55.3, -0.8, 1.3, 11.6, 0.2,-0.2, 3.9
3, 55.3, -0.7, 0, 0.7
7, 553, 0.970947, 0.00976562, 0.0366821, 0.236389
4, 55.8, -0.7, 0.4, 9.8, 0.1,0, 0.4
3, 55.8, -0.7, 0, 0.7
7, 558, 0.97113, 0.00958252, 0.0367432, 0.235474
2, 55.975, 65535:65535:65535.65535, nan, nan, nan, nan
1, 0.559, 65535:65535:65535.65535, nan, nan, 99.99, nan
6, 56, 971.5, 0, 970, 971.1,972.9,
5, 56, 31.2, 28.2, 26.1, 31.6, 34.1, 16.6
4, 56.3, -0.4, 0, 9.5, -0.5,0.1, 0.3
3, 56.3, 0, -0.7, 0.7
7, 563, 0.971008, 0.00915527, 0.0360718, 0.236145
4, 56.9, -0.1, -0.2, 9.3, 0.8,0.2, 3.5
3, 56.9, -0.7, 0, 0.7
7, 569, 0.967224, 0.00439453, 0.0366821, 0.25116
2, 56.969, 65535:65535:65535.65535, nan, nan, nan, nan
1, 0.569, 65535:65535:65535.65535, nan, nan, 99.99, nan
6, 57, 971.6, 0, 969.8, 971.3,972.4,
5, 57, 31.5, 28.5, 26.1, 31.8, 34.1, 16.3
4, 57.4, -0.5, 0.1, 9.9, 0.1,-0.7, 2.7
3, 57.4, -0.7, 0, 0.7
7, 574, 0.964294, 0.00408936, 0.0361938, 0.26239
4, 57.9, -0.4, 1.3, 13.6, 0.1,-1, 2.1
3, 57.9, -0.7, 0, 0.7
7, 579, 0.961853, 0.00341797, 0.0352783, 0.271179
2, 57.973, 65535:65535:65535.65535, nan, nan, nan, nan
1, 0.579, 65535:65535:65535.65535, nan, nan, 99.99, nan