Please enter the name of the file that you want to decode: 
3, 706, -7, -7, 15
4, 706, 65534, 0, 97, 0, 0, 0
5, 728, 248, 248, 240, 253, 248, 258
6, 732, 0, 0, 0, 0, 0
3, 733, -7, 0, 15
4, 727, 65534, 0, 99, 0, 0, 0
5, 758, 249, 248, 243, 253, 247, 258
6, 762, 0, 0, 0, 0, 0
3, 758, -7, -7, 15
4, 748, 65534, 1, 97, 0, 0, 0
5, 788, 249, 248, 240, 253, 248, 258
6, 782, 0, 0, 0, 0, 0
3, 784, -7, -7, 15
4, 774, 65534, 1, 96, 0, 0, 0
5, 808, 248, 248, 240, 253, 248, 260
6, 813, 0, 0, 0, 0, 0
3, 810, -7, 0, 15
4, 800, 65533, 0, 98, 0, 0, 0
5, 838, 251, 248, 243, 253, 245, 258
6, 832, 0, 0, 0, 0, 0
3, 836, -7, -7, 15
4, 826, 65534, 0, 97, 0, 0, 0
5, 858, 249, 248, 243, 253, 248, 258
6, 862, 0, 0, 0, 0, 0
3, 862, -7, -7, 15
4, 852, 65533, 0, 98, 0, 0, 0
5, 888, 251, 248, 240, 253, 248, 260
6, 903, 0, 0, 0, 0, 0
3, 883, -7, 0, 15
4, 878, 65534, 0, 97, 0, 0, 0
5, 327, 249, 248, 240, 253, 248, 258
6, 312, 0, 0, 0, 0, 0
3, 351, -7, 0, 15
4, 346, 65534, 1, 98, 0, 0, 0
End of packet