3, 2312, -7, 0, 7
4, 2317, -3, 0, 98, 0, 1, -1
5, 2312, 245, 241, 239, 245, 242, 253
6, 2335, 0, 0, 0, 0, 0
3, 2337, -7, -7, 15
4, 2337, -3, 0, 98, 0, 0, 0
5, 2342, 245, 241, 239, 245, 245, 255
6, 2365, 0, 0, 0, 0, 0
3, 2358, -7, -7, 7
4, 2363, -3, 0, 98, 0, 0, 0
5, 2382, 245, 241, 239, 245, 242, 253
6, 2405, 0, 0, 0, 0, 0
3, 2378, -7, 0, 7
4, 2388, -2, 0, 97, 0, 0, 0
5, 2413, 245, 241, 239, 245, 244, 253
6, 2435, 0, 0, 0, 0, 0
3, 2395, -7, -7, 7
4, 2415, -3, 0, 98, 0, 0, 0
5, 2442, 242, 241, 236, 245, 245, 253
6, 2465, 0, 0, 0, 0, 0
3, 2415, -7, -7, 7
4, 2446, -3, 0, 98, 0, 0, 0
5, 2473, 245, 241, 239, 245, 245, 253
6, 2484, 0, 0, 0, 0, 0
3, 2441, -7, 0, 7
4, 2468, -1, 1, 97, 0, 0, 0
5, 2502, 242, 241, 239, 247, 244, 253
6, 2515, 0, 0, 0, 0, 0
3, 2468, -7, -7, 7
4, 2493, -3, 0, 98, 0, 0, 0
5, 2523, 242, 241, 239, 245, 245, 253
6, 2536, 0, 0, 0, 0, 0
3, 2493, -7, 0, 7
4, 2519, -3, -1, 98, 0, 0, 0
