3, 3288, -7, 0, 15
4, 3288, -1, 0, 97, 0, 0, 1
5, 3287, 245, 241, 239, 245, 242, 253
6, 3286, 0, 0, 0, 0, 0
3, 3331, -7, -7, 15
4, 3293, -2, 0, 98, 1, 0, 0
5, 3328, 242, 244, 239, 245, 244, 253
6, 3316, 0, 0, 0, 0, 0
3, 3341, -7, -7, 15
4, 3336, -2, 1, 98, 0, 0, 0
5, 3338, 245, 241, 236, 245, 245, 255
6, 3356, 0, 0, 0, 0, 0
3, 3388, -7, 0, 15
4, 3361, -2, -1, 98, 0, 0, 0
5, 3357, 245, 241, 239, 245, 244, 253
6, 3387, 0, 0, 0, 0, 0
3, 3420, -7, 0, 7
4, 3388, -1, 1, 97, 0, 0, 0
5, 3378, 245, 241, 239, 245, 241, 255
6, 3406, 0, 0, 0, 0, 0
3, 3446, -7, 0, 15
4, 3415, -3, 0, 98, 0, 0, 0
5, 3418, 245, 244, 239, 245, 245, 255
6, 3437, 0, 0, 0, 0, 0
3, 3462, -7, 0, 15
4, 3436, -3, 0, 98, 0, 0, 0
5, 3468, 242, 241, 236, 245, 245, 255
6, 3466, 0, 0, 0, 0, 0
3, 3468, -7, -7, 7
4, 3468, -2, 0, 98, 0, 0, 0
5, 2927, 245, 241, 239, 245, 245, 255
6, 2956, 0, 0, 0, 0, 0
3, 2952, -7, -7, 7
4, 2952, -3, 0, 97, 0, 0, 0
