3, 3820, -7, -7, 15
4, 3772, -3, 0, 97, 0, 0, 0
5, 3828, 245, 244, 239, 245, 245, 253
6, 3807, 0, 0, 0, 0, 0
3, 3857, 0, -7, 15
4, 3857, -3, -1, 98, 0, 0, 0
5, 3933, 245, 241, 239, 245, 244, 253
6, 3898, 0, 0, 0, 0, 0
3, 3919, -7, 0, 7
4, 3959, -3, 0, 98, 0, 0, 0
5, 4065, 245, 241, 239, 245, 242, 253
6, 3997, 0, 0, 0, 0, 0
3, 4065, 0, -7, 7
4, 4037, -2, 1, 98, 0, 0, 0
5, 109, 245, 241, 236, 245, 245, 253
6, 12, 0, 0, 0, 0, 0
3, 41, -7, -7, 15
4, 61, -3, 0, 97, 0, 0, 0
5, 188, 242, 241, 239, 245, 245, 253
6, 111, 0, 0, 0, 0, 0
3, 145, -7, -7, 7
4, 202, -2, 1, 97, 0, 0, 0
5, 319, 245, 241, 239, 247, 245, 253
6, 242, 0, 0, 0, 0, 0
3, 223, -7, -7, 7
4, 275, -3, 0, 98, 0, 0, 0
5, 379, 242, 241, 239, 245, 244, 253
6, 321, 0, 0, 0, 0, 0
3, 328, -7, 0, 7
4, 384, -2, 0, 97, 0, 0, 0
5, 3177, 245, 241, 239, 245, 241, 253
6, 3186, 0, 0, 0, 0, 0
3, 3176, -7, 0, 15
4, 3148, -2, 0, 98, 0, 0, 0
