3, 2145, -7, 0, 7
4, 2108, -2, 1, 97, 0, 0, 0
5, 2052, 242, 241, 239, 245, 242, 253
6, 2054, 0, 0, 0, 0, 0
3, 2156, -7, -7, 15
4, 2130, -2, 1, 97, 0, 0, 0
5, 2081, 245, 241, 239, 245, 245, 253
6, 2084, 0, 0, 0, 0, 0
3, 2181, -7, -7, 15
4, 2156, -3, 0, 98, 0, 0, 0
5, 2112, 245, 241, 236, 245, 242, 255
6, 2125, 0, 0, 0, 0, 0
3, 2191, -7, 0, 15
4, 2186, -3, 0, 97, 0, 0, 0
5, 2152, 245, 241, 239, 245, 245, 253
6, 2154, 0, 0, 0, 0, 0
3, 2207, -7, -7, 15
4, 2212, -3, -1, 97, 0, 0, 0
5, 2172, 245, 241, 236, 245, 245, 253
6, 2185, 0, 0, 0, 0, 0
3, 2227, -7, -7, 15
4, 2232, -2, 0, 98, 0, 0, 0
5, 2203, 245, 241, 239, 245, 244, 253
6, 2214, 0, 0, 0, 0, 0
3, 2237, -7, -7, 7
4, 2253, -2, -1, 98, 0, 0, 0
5, 2232, 245, 244, 239, 245, 245, 253
6, 2254, 0, 0, 0, 0, 0
3, 2258, -7, -7, 15
4, 2268, -2, 1, 97, 0, 0, 0
5, 2262, 245, 244, 239, 245, 242, 253
6, 2285, 0, 0, 0, 0, 0
3, 2278, -7, -7, 7
4, 2289, -3, -1, 98, 0, 0, 0
