3, 2753, -7, 0, 7
4, 2758, -3, -1, 98, 0, 0, 0
5, 2723, 242, 241, 239, 245, 242, 253
6, 2725, 0, 0, 0, 0, 0
3, 2774, -7, 0, 15
4, 2779, -2, 0, 98, 0, 0, 0
5, 2743, 245, 241, 239, 245, 242, 253
6, 2756, 0, 0, 0, 0, 0
3, 2796, -7, 0, 7
4, 2801, -3, 0, 98, 0, 0, 0
5, 2774, 242, 244, 239, 245, 245, 255
6, 2796, 0, 0, 0, 0, 0
3, 2806, -7, 0, 15
4, 2821, -2, 0, 98, 0, 0, 0
5, 2803, 245, 244, 239, 245, 242, 255
6, 2825, 0, 0, 0, 0, 0
3, 2826, -7, 0, 7
4, 2848, -1, 1, 98, 0, 0, 0
5, 2834, 245, 241, 239, 245, 245, 253
6, 2845, 0, 0, 0, 0, 0
3, 2848, -7, 0, 15
4, 2874, -2, 0, 98, 0, 0, 0
5, 2863, 245, 241, 239, 245, 245, 253
6, 2876, 0, 0, 0, 0, 0
3, 2858, -7, 0, 15
4, 2900, -2, 0, 97, 0, 0, 0
5, 2883, 245, 241, 239, 245, 241, 253
6, 2895, 0, 0, 0, 0, 0
3, 2879, -7, 0, 15
4, 2926, -3, 0, 98, 0, 0, 0
5, 2913, 245, 241, 239, 245, 245, 253
6, 2926, 0, 0, 0, 0, 0
3, 2900, -7, -7, 7
4, 2953, -2, 1, 97, 0, 0, 0
