3, 3508, -7, 0, 15
4, 3493, -2, 1, 98, 0, 0, 0
5, 3508, 245, 241, 239, 245, 245, 255
6, 3497, 0, 0, 0, 0, 0
3, 3549, -7, -7, 7
4, 3519, -2, 0, 98, 0, 0, 0
5, 3567, 245, 244, 239, 245, 244, 253
6, 3537, 0, 0, 0, 0, 0
3, 3565, -7, 0, 7
4, 3549, -3, 0, 98, 0, 0, -1
5, 3638, 245, 241, 239, 245, 245, 253
6, 3566, 0, 0, 0, 0, 0
3, 3570, -7, -7, 15
4, 3575, -1, 1, 98, 0, 0, 0
5, 3675, 245, 244, 239, 245, 245, 253
6, 3587, 0, 0, 0, 0, 0
3, 3596, -7, 0, 15
4, 3616, -3, 0, 98, 0, 0, 0
5, 3679, 245, 241, 239, 245, 242, 253
6, 3617, 0, 0, 0, 0, 0
3, 3616, -7, -7, 15
4, 3668, -2, 1, 98, 0, 0, 0
5, 3698, 242, 241, 236, 245, 245, 255
6, 3647, 0, 0, 0, 0, 0
3, 3648, -7, 0, 15
4, 3679, -3, 0, 98, 3, -1, 2
5, 3648, 245, 241, 236, 245, 244, 253
6, 3677, 0, 0, 0, 0, 0
3, 3663, -7, -7, 15
4, 3694, -2, 0, 98, 0, 0, 0
5, 3057, 247, 244, 239, 247, 245, 255
6, 3055, 0, 0, 0, 0, 0
3, 3071, -7, 0, 7
4, 3055, -2, 0, 98, 0, 0, 0
