3, 1947, -7, -7, 7
4, 1879, -3, -1, 98, 0, 0, 0
5, 1902, 245, 241, 239, 245, 242, 253
6, 1894, 0, 0, 0, 0, 0
3, 1967, -7, 0, 15
4, 1906, -2, 0, 98, 0, 0, 0
5, 1921, 245, 241, 239, 245, 244, 255
6, 1905, 0, 0, 0, 0, 0
3, 1983, -7, 0, 15
4, 1932, -2, 0, 98, 0, 0, 0
5, 1933, 245, 241, 239, 245, 244, 253
6, 1924, 0, 0, 0, 0, 0
3, 2003, -7, 0, 15
4, 1957, -3, 0, 97, 0, 0, 0
5, 1942, 245, 241, 239, 245, 241, 253
6, 1944, 0, 0, 0, 0, 0
3, 2024, -7, -7, 15
4, 1983, -2, 1, 98, 0, 0, 0
5, 1952, 245, 241, 239, 242, 245, 253
6, 1955, 0, 0, 0, 0, 0
3, 2052, -7, -7, 15
4, 2008, -3, 0, 98, 0, 0, 0
5, 1971, 245, 241, 239, 245, 245, 253
6, 1974, 0, 0, 0, 0, 0
3, 2072, -7, 0, 15
4, 2035, -3, -1, 99, 0, 0, 0
5, 1981, 245, 244, 236, 245, 245, 253
6, 1994, 0, 0, 0, 0, 0
3, 2098, -7, 0, 7
4, 2057, -4, 0, 98, 0, 0, 0
5, 2002, 245, 241, 239, 245, 242, 253
6, 2004, 0, 0, 0, 0, 0
3, 2125, -7, 0, 15
4, 2083, -3, 0, 98, 0, 0, 0
