3, 374, -7, -7, 15
4, 404, -3, 0, 98, 0, 0, 0
5, 410, 245, 241, 239, 245, 244, 253
6, 372, 0, 0, 0, 0, 0
3, 399, -7, 0, 15
4, 421, -3, 0, 98, 0, 0, 0
5, 429, 245, 241, 236, 245, 241, 255
6, 422, 0, 0, 0, 0, 0
3, 457, -7, -7, 15
4, 431, -2, 0, 97, 0, 0, 0
5, 449, 245, 241, 239, 245, 242, 253
6, 452, 0, 0, 0, 0, 0
3, 499, -7, -7, 7
4, 472, -3, 1, 98, 0, 0, 0
5, 499, 245, 241, 239, 245, 242, 253
6, 502, 0, 0, 0, 0, 0
3, 525, -7, 0, 15
4, 499, -2, 0, 97, 0, 0, 0
5, 549, 245, 241, 239, 245, 245, 255
6, 553, 0, 0, 0, 0, 0
3, 552, -7, 0, 15
4, 509, -3, -1, 98, 0, 0, 0
5, 580, 245, 241, 239, 245, 242, 253
6, 582, 0, 0, 0, 0, 0
3, 582, -7, 0, 7
4, 535, -2, 0, 98, 0, 0, 0
5, 630, 245, 241, 239, 247, 244, 253
6, 632, 0, 0, 0, 0, 0
3, 608, 0, 0, 7
4, 628, -2, 0, 97, 0, 0, 0
5, 3548, 245, 244, 239, 247, 245, 253
6, 3576, 0, 0, 0, 0, 0
3, 3565, -7, 0, 7
4, 3544, -3, 0, 98, 0, 0, 0
