3, 2894, -7, 0, 7
4, 2872, -2, 1, 97, 0, 0, 0
5, 2867, 245, 241, 239, 245, 247, 253
6, 2866, 0, 0, 0, 0, 0
3, 2915, -7, -7, 7
4, 2894, -3, 0, 99, 0, 0, 0
5, 2897, 245, 241, 239, 245, 245, 253
6, 2895, 0, 0, 0, 0, 0
3, 2947, -7, -7, 7
4, 2904, -2, 0, 98, 0, 0, 0
5, 2927, 245, 241, 239, 245, 245, 255
6, 2926, 0, 0, 0, 0, 0
3, 2994, -7, -7, 15
4, 2952, -3, 0, 97, 0, 0, 0
5, 2996, 245, 244, 239, 245, 245, 253
6, 2956, 0, 0, 0, 0, 0
3, 3004, -7, 0, 7
4, 2972, -1, 1, 97, 0, 0, 0
5, 3007, 242, 241, 239, 245, 245, 253
6, 2995, 0, 0, 0, 0, 0
3, 3034, 0, 0, 15
4, 2994, -3, 0, 97, 0, 0, 0
5, 3017, 245, 241, 239, 247, 245, 255
6, 3026, 0, 0, 0, 0, 0
3, 3050, -7, -7, 7
4, 3004, -3, 0, 98, 0, 0, 0
5, 3048, 245, 244, 239, 245, 245, 253
6, 3046, 0, 0, 0, 0, 0
3, 3060, -7, 0, 15
4, 3034, -3, 0, 98, 0, 0, 0
5, 2737, 245, 241, 239, 245, 245, 253
6, 2735, 0, 0, 0, 0, 0
3, 2734, -7, -7, 7
4, 2724, -3, 0, 98, 0, 0, 0
