3, 3122, 0, 0, 15
4, 3060, -2, 1, 97, 0, 0, 0
5, 3077, 245, 241, 239, 245, 245, 255
6, 3076, 0, 0, 0, 0, 0
3, 3127, -7, 0, 7
4, 3096, -2, 0, 98, 0, 0, 0
5, 3108, 245, 241, 239, 245, 244, 253
6, 3126, 0, 0, 0, 0, 0
3, 3155, -7, -7, 7
4, 3127, -2, 0, 98, 0, 0, 0
5, 3158, 245, 241, 239, 247, 245, 253
6, 3156, 0, 0, 0, 0, 0
3, 3181, -7, 0, 15
4, 3160, -1, 1, 97, 0, 0, 0
5, 3187, 242, 241, 239, 245, 244, 255
6, 3186, 0, 0, 0, 0, 0
3, 3186, -7, -7, 7
4, 3176, -3, 0, 98, 0, 0, 0
5, 3197, 245, 244, 239, 247, 245, 255
6, 3217, 0, 0, 0, 0, 0
3, 3212, -7, 0, 15
4, 3206, -3, 0, 98, 0, 0, 0
5, 3208, 245, 241, 239, 245, 244, 255
6, 3236, 0, 0, 0, 0, 0
3, 3238, -7, -7, 15
4, 3254, -3, 0, 98, -4, 1, -1
5, 3237, 245, 244, 236, 245, 244, 255
6, 3267, 0, 0, 0, 0, 0
3, 3254, -7, 0, 15
4, 3259, -3, 0, 97, -3, 0, -1
5, 2828, 242, 241, 239, 245, 245, 253
6, 2845, 0, 0, 0, 0, 0
3, 2847, -7, 0, 15
4, 2842, -4, 0, 98, 0, 0, 0
