3, 2524, -7, -7, 15
4, 2550, -2, 0, 97, 0, 0, 0
5, 2563, 242, 241, 236, 245, 245, 253
6, 2565, 0, 0, 0, 0, 0
3, 2550, -7, 0, 7
4, 2578, -2, 1, 97, 0, 0, 0
5, 2573, 245, 244, 239, 245, 241, 253
6, 2575, 0, 0, 0, 0, 0
3, 2573, -7, -7, 15
4, 2598, -3, 0, 98, 0, 0, 0
5, 2593, 245, 241, 239, 247, 245, 253
6, 2595, 0, 0, 0, 0, 0
3, 2598, -7, 0, 7
4, 2619, -1, 0, 97, 0, 0, 0
5, 2602, 245, 241, 239, 245, 242, 255
6, 2615, 0, 0, 0, 0, 0
3, 2624, -7, -7, 7
4, 2639, -2, 0, 98, 0, 0, 0
5, 2623, 245, 241, 236, 245, 245, 253
6, 2625, 0, 0, 0, 0, 0
3, 2650, -7, 0, 7
4, 2655, -2, 0, 97, 0, 0, 0
5, 2643, 245, 241, 239, 245, 245, 253
6, 2646, 0, 0, 0, 0, 0
3, 2676, -7, 0, 7
4, 2676, -2, 0, 97, 0, 0, 0
5, 2653, 245, 244, 239, 245, 245, 253
6, 2665, 0, 0, 0, 0, 0
3, 2707, -7, 0, 7
4, 2701, -4, 0, 98, 0, 0, 0
5, 2673, 245, 244, 239, 245, 241, 253
6, 2675, 0, 0, 0, 0, 0
3, 2728, -7, 0, 7
4, 2728, -2, 0, 98, 0, 0, 0
