3, 1349, -7, -7, 15
4, 1327, -3, 0, 98, 0, 0, 0
5, 1361, 245, 241, 239, 245, 245, 253
6, 1353, 0, 0, 0, 0, 0
3, 1426, -7, 0, 15
4, 1385, -3, 0, 98, 0, 0, 0
5, 1441, 242, 241, 236, 245, 242, 253
6, 1413, 0, 0, 0, 0, 0
3, 1484, -7, 0, 15
4, 1457, -3, 0, 98, 0, 0, 0
5, 1532, 245, 241, 239, 247, 245, 255
6, 1494, 0, 0, 0, 0, 0
3, 1563, -7, 0, 15
4, 1514, -3, 0, 98, 0, 0, 0
5, 1591, 245, 241, 239, 245, 242, 255
6, 1554, 0, 0, 0, 0, 0
3, 1636, -7, -7, 7
4, 1583, -2, 1, 98, 0, 0, 0
5, 1661, 245, 241, 236, 245, 245, 253
6, 1633, 0, 0, 0, 0, 0
3, 1701, -7, 0, 7
4, 1646, -2, 0, 97, 0, 0, 0
5, 1742, 245, 241, 239, 245, 241, 253
6, 1714, 0, 0, 0, 0, 0
3, 1774, -7, 0, 7
4, 1711, -2, 1, 97, 0, 0, 0
5, 1802, 245, 241, 239, 245, 242, 253
6, 1774, 0, 0, 0, 0, 0
3, 1843, -7, 0, 7
4, 1774, -3, 0, 98, 0, 0, 0
5, 1871, 245, 241, 239, 245, 245, 253
6, 1864, 0, 0, 0, 0, 0
3, 1901, -7, 0, 7
4, 1848, -2, 1, 97, 0, 0, 0
