4, 1276, -2, 0, 98, 0, 1, 1
4, 1281, -2, 0, 98, 2, -1, 0
4, 1285, -2, 0, 98, 0, 0, 0
4, 1297, -2, 0, 98, 0, 0, 0
4, 1302, -2, -1, 98, 0, 0, 0
4, 1307, -2, 1, 98, 0, 0, 0
4, 1312, -2, 1, 98, 0, 0, 0
4, 1322, -2, 1, 98, 0, 0, 0
4, 1327, -3, 0, 98, 0, 0, 0
4, 1332, -1, 0, 97, 0, 0, 0
4, 1339, -3, 0, 98, 0, 0, 0
4, 1349, -3, 0, 98, 0, 0, 0
4, 1354, -3, 0, 98, 0, 0, 0
4, 1359, -3, -1, 97, 0, 0, 0
4, 1375, -3, 0, 98, 0, 0, 0
4, 1380, -3, 0, 98, 0, 0, 0
4, 1385, -3, 0, 98, 0, 0, 0
4, 1390, -3, 0, 98, 0, 0, 0
4, 1404, -2, 1, 97, 0, 0, 0
4, 1409, -4, 0, 98, 0, 0, 0
4, 1416, -2, 1, 97, 0, 0, 0
4, 1431, -1, 1, 98, 0, 0, 0
4, 1436, -1, 1, 97, 0, 0, 0
4, 1441, -3, -1, 98, 0, 0, 0
4, 1457, -3, 0, 98, 0, 0, 0
4, 1462, -3, 0, 97, 0, 0, 0
4, 1468, -2, 0, 98, 0, 0, 0
4, 1484, -2, 1, 97, 0, 0, 0
4, 1489, -3, 0, 98, 0, 0, 0
4, 1494, -2, 1, 97, 0, 0, 0
4, 1504, -2, 0, 98, 0, 0, 0
4, 1509, -1, 1, 97, 0, 0, 0
4, 1514, -3, 0, 98, 0, 0, 0
4, 1519, -1, 1, 97, 0, 0, 0
4, 1531, -2, 1, 97, 0, 0, 0
4, 1537, -2, 1, 98, 0, 0, 0
4, 1542, -2, 0, 98, 0, 0, 0
4, 1558, -3, 0, 98, 0, 0, 0
4, 1563, -3, 1, 98, 0, 0, 0
4, 1568, -3, 0, 98, 0, 0, 0
4, 1583, -2, 1, 98, 0, 0, 0
4, 1588, -2, 0, 98, 0, 0, 0
4, 1594, -3, 0, 98, 0, 0, 0
4, 1609, -3, -1, 98, 0, 0, 0
4, 1615, -2, -1, 98, 0, 0, 0
4, 1620, -3, -1, 98, 0, 0, 0
4, 1636, -2, 0, 98, 0, 0, 0
4, 1641, -3, -1, 98, 0, 0, 0
4, 1646, -2, 0, 97, 0, 0, 0
4, 1665, -2, 0, 98, 0, 0, 0
4, 1670, -3, 0, 98, 0, 0, 0
4, 1676, -1, 0, 97, 0, 0, 0
4, 1686, -2, 1, 98, 0, 0, 0
4, 1691, -3, 0, 98, 0, 0, 0
4, 1696, -3, 0, 97, 0, 0, 0
4, 1701, -3, 0, 98, 0, 0, 0
4, 1711, -2, 1, 97, 0, 0, 0
4, 1716, -2, 0, 98, 0, 0, 0
4, 1722, -2, -1, 98, 0, 0, 0
4, 1737, -2, 0, 98, 0, 0, 0
4, 1743, -2, 0, 98, 0, 0, 0
4, 1748, -3, 0, 98, 0, 0, 0
4, 1764, -2, 0, 97, 0, 0, 0
4, 1769, -3, 0, 98, 0, 0, 0
4, 1774, -3, 0, 98, 0, 0, 0
4, 1791, -2, 0, 97, 0, 0, 0
4, 1796, -3, -1, 98, 0, 0, 0
4, 1801, -4, 0, 98, 0, 0, 0
4, 1818, -2, 1, 98, 0, 0, 0
4, 1821, -3, 0, 98, 0, 0, 0
4, 1828, -2, 1, 98, 0, 0, 0
4, 1843, -3, 0, 98, 0, 0, 0
4, 1848, -2, 1, 97, 0, 0, 0
4, 1853, -3, 0, 99, 0, 0, 0
4, 1869, -2, 1, 98, 0, 0, 0
4, 1874, -2, 1, 98, 0, 0, 0
4, 1879, -3, -1, 98, 0, 0, 0
4, 1896, -2, 0, 98, 0, 0, 0
4, 1901, -2, 0, 97, 0, 0, 0
4, 1906, -2, 0, 98, 0, 0, 0
4, 1920, -2, 0, 98, 0, 0, 0
4, 1925, -3, -1, 98, 0, 0, 0
4, 1932, -2, 0, 98, 0, 0, 0
4, 1947, -3, 0, 98, 0, 0, 0
4, 1952, -2, -1, 98, 0, 0, 0
4, 1957, -3, 0, 97, 0, 0, 0
4, 1972, -3, 0, 98, 0, 0, 0
4, 1978, -2, 0, 98, 0, 0, 0
4, 1983, -2, 1, 98, 0, 0, 0
4, 1998, -3, 0, 98, 0, 0, 0
4, 2003, -2, 0, 98, 0, 0, 0
4, 2008, -3, 0, 98, 0, 0, 0
4, 2024, -2, 0, 97, 0, 0, 0
4, 2030, -2, 0, 98, 0, 0, 0
4, 2035, -3, -1, 99, 0, 0, 0
4, 2045, -3, 0, 97, 0, 0, 0
4, 2052, -3, 0, 97, 0, 0, 0
4, 2057, -4, 0, 98, 0, 0, 0
4, 2062, -2, 1, 97, 0, 0, 0
4, 2077, -1, 1, 97, 0, 0, 0
4, 2083, -3, 0, 98, 0, 0, 0
4, 2088, -3, 0, 98, 0, 0, 0
4, 2098, -3, 0, 98, 0, 0, 0
4, 2103, -2, 0, 98, 0, 0, 0
4, 2108, -2, 1, 97, 0, 0, 0
4, 2113, -3, 0, 97, 0, 0, 0
4, 2125, -2, 0, 97, 0, 0, 0
4, 2130, -2, 1, 97, 0, 0, 0
4, 2135, -2, 0, 97, 0, 0, 0
4, 2150, -2, 1, 98, 0, 0, 0
4, 2156, -3, 0, 98, 0, 0, 0
4, 2161, -2, -1, 98, 0, 0, 0
4, 2181, -1, 0, 98, 0, 0, 0
4, 2186, -3, 0, 97, 0, 0, 0
4, 2191, -3, 0, 98, 0, 0, 0
4, 2207, -1, 1, 97, 0, 0, 0
4, 2212, -3, -1, 97, 0, 0, 0
4, 2217, -3, 0, 98, 0, 0, 0
4, 2227, -1, 0, 97, 0, 0, 0
4, 2232, -2, 0, 98, 0, 0, 0
4, 2237, -1, 1, 97, 0, 0, 0
4, 2243, -2, 1, 98, 0, 0, 0
4, 2253, -2, -1, 98, 0, 0, 0
4, 2258, -2, 0, 98, 0, 0, 0
4, 2263, -2, 1, 98, 0, 0, 0
4, 2268, -2, 1, 97, 0, 0, 0
4, 2278, -3, 0, 98, 0, 0, 0
4, 2284, -2, 1, 97, 0, 0, 0
4, 2289, -3, -1, 98, 0, 0, 0
4, 2295, -3, 0, 98, 0, 0, 0
4, 2305, -2, 0, 97, 0, 0, 0
4, 2312, -2, 0, 97, 0, 0, 0
4, 2317, -3, 0, 98, 0, 1, -1
4, 2322, -2, 1, 98, 1, 0, -1
4, 2332, -2, 1, 98, 0, 0, 0
4, 2337, -3, 0, 98, 0, 0, 0
4, 2342, -2, 0, 97, 0, 0, 0
4, 2358, -2, 1, 97, 0, 0, 0
4, 2363, -3, 0, 98, 0, 0, 0
4, 2368, -1, 0, 97, 0, 0, 0
4, 2383, -3, 1, 98, 0, 0, 0
4, 2388, -2, 0, 97, 0, 0, 0
4, 2395, -2, 1, 98, 0, 0, 0
4, 2410, -1, 0, 97, 0, 0, 0
4, 2415, -3, 0, 98, 0, 0, 0
4, 2420, -2, -1, 98, 0, 0, 0
4, 2441, -1, 1, 98, 0, 0, 0
4, 2446, -3, 0, 98, 0, 0, 0
4, 2451, -3, 0, 98, 0, 0, 0
4, 2461, -2, 0, 97, 0, 0, 0
4, 2468, -1, 1, 97, 0, 0, 0
4, 2473, -2, 1, 98, 0, 0, 0
4, 2488, -2, 0, 97, 0, 0, 0
4, 2493, -3, 0, 98, 0, 0, 0
4, 2499, -2, 1, 98, 0, 0, 0
4, 2514, -2, 1, 98, 0, 0, 0
4, 2519, -3, -1, 98, 0, 0, 0
4, 2524, -3, 0, 98, 0, 0, 0
4, 2540, -2, 1, 97, 0, 0, 0
4, 2545, -3, 0, 98, 0, 0, 0
4, 2550, -2, 0, 97, 0, 0, 0
4, 2566, -1, 1, 98, 0, 0, 0
4, 2573, -2, 1, 98, 0, 0, 0
4, 2578, -2, 1, 97, 0, 0, 0
4, 2588, -2, 0, 97, 0, 0, 0
4, 2593, -4, 0, 98, 0, 0, 0
4, 2598, -3, 0, 98, 0, 0, 0
4, 2604, -2, 0, 98, 0, 0, 0
4, 2614, -3, 0, 98, 0, 0, 0
4, 2619, -1, 0, 97, 0, 0, 0
4, 2624, -2, 1, 97, 0, 0, 0
4, 2629, -2, 0, 97, 2, -1, 1
4, 2639, -2, 0, 98, 0, 0, 0
4, 2644, -3, 0, 99, 0, 0, 0
4, 2650, -3, 0, 98, 0, 0, 0
4, 2655, -2, 0, 97, 0, 0, 0
4, 2666, -2, 0, 98, 0, 0, 0
4, 2671, -3, 0, 97, 0, 0, 0
4, 2676, -2, 0, 97, 0, 0, 0
4, 2682, -3, 0, 98, 0, 0, 0
4, 2692, -2, 0, 98, 0, 0, 0
4, 2701, -4, 0, 98, 0, 0, 0
4, 2707, -2, 1, 97, 0, 0, 0
4, 2723, -2, 1, 97, 0, 0, 0
4, 2728, -2, 0, 98, 0, 0, 0
4, 2733, -3, -1, 98, 0, 0, 0
4, 2748, -3, 0, 97, 0, 0, 0
4, 2753, -2, 0, 97, 0, 0, 0
4, 2758, -3, -1, 98, 0, 0, 0
4, 2769, -3, 0, 97, 0, 0, 0
4, 2774, -3, 0, 98, 0, 0, 0
4, 2779, -2, 0, 98, 0, 0, 0
4, 2784, -3, 0, 98, 0, 0, 0
4, 2796, -3, 0, 98, 0, 0, 0
4, 2801, -3, 0, 98, 0, 0, 0
4, 2806, -3, -1, 98, 0, 0, 0
4, 2811, -2, 1, 97, 0, 0, 0
4, 2821, -2, 0, 98, 0, 0, 0
4, 2826, -2, 0, 98, 0, 0, 0
4, 2833, -1, 1, 97, 0, 0, 0
4, 2848, -1, 1, 98, 0, 0, 0
4, 2853, -2, 0, 98, 0, 0, 0
4, 2858, -2, 0, 98, 0, 0, 0
4, 2874, -2, 0, 98, 0, 0, 0
4, 2879, -2, 1, 97, 0, 0, 0
4, 2885, -2, 1, 97, 0, 0, 0
4, 2900, -2, 0, 97, 0, 0, 0
4, 2906, -2, 0, 98, 0, 0, 0
4, 2911, -2, 0, 98, 0, 0, 0
4, 2926, -3, 0, 98, 0, 0, 0
4, 2931, -3, 0, 98, 0, 0, 0
4, 2938, -2, 1, 98, 0, 0, 0
4, 2953, -2, 1, 97, 0, 0, 0
4, 2962, -2, 1, 97, 0, 0, 0
4, 2977, -2, 0, 98, 0, 0, 0
4, 2984, -2, 0, 97, 0, 0, 0
4, 2989, -2, 0, 98, 0, 0, 0
4, 3004, -3, 0, 98, 0, 0, 0
4, 3009, -3, 0, 99, 0, 0, 0
4, 3014, -2, 1, 98, 0, 0, 0
4, 3030, -2, 1, 98, 0, 0, 0
4, 3035, -3, 0, 98, 0, 0, 0
4, 3040, -3, 0, 98, 0, 0, 0
4, 3055, -2, 1, 97, 0, 0, 0
4, 3060, -1, 1, 97, 0, 0, 0
4, 3067, -2, 1, 97, 0, 0, 0
4, 3082, -3, 0, 98, 0, 0, 0
4, 3087, -3, 0, 98, 0, 0, 0
4, 3094, -2, 1, 98, 0, 0, 0
4, 3109, -2, 2, 98, 0, 0, 0
4, 3114, -2, 1, 98, 0, 0, 0
4, 3119, -2, 0, 98, 0, 0, 0
4, 3135, -2, 0, 97, 0, 0, 0
4, 3140, -2, 0, 97, 0, 0, 0
4, 3146, -2, 1, 97, 0, 0, 0
4, 3156, -2, 0, 98, 0, 0, 0
4, 3162, -3, 0, 98, 0, 0, 0
4, 3167, -2, 1, 98, 0, 0, 0
4, 3172, -2, 1, 97, 0, 0, 0
4, 3182, -2, 1, 98, 0, 0, 0
4, 3187, -3, 0, 98, 0, 0, 0
4, 3192, -3, 0, 98, 0, 0, 0
4, 3209, -3, 0, 97, 0, 0, 0
4, 3214, -2, 1, 98, 0, 0, 0
4, 3222, -1, 0, 97, 0, 0, 0
4, 3238, -2, 1, 98, 0, 0, 0
4, 3242, -3, 0, 97, 0, 0, 0
4, 3249, -3, -1, 99, 0, 0, 0
4, 3264, -3, 0, 99, 0, 0, 0
4, 3269, -2, 1, 98, 0, 0, 0
4, 3274, -3, 1, 98, 0, 0, 0
4, 3290, -1, 0, 98, 0, 0, 0
4, 3295, -1, 0, 98, 0, 0, 0
4, 3300, -2, 0, 98, 0, 0, 0
4, 3315, -1, 1, 97, 0, 0, 0
4, 3320, -2, 1, 97, 0, 0, 0
4, 3325, -3, 1, 98, 0, 0, 0
4, 3337, -2, 0, 98, 0, 0, 0
4, 3342, -2, 0, 98, 0, 0, 0
4, 3347, -3, 0, 98, 0, 0, 0
4, 3354, -2, 1, 98, 0, 0, 0
4, 3369, -2, 1, 98, 0, 0, 0
4, 3374, -3, 0, 98, 0, 0, 0
4, 3379, -2, 1, 98, 0, 0, 0
4, 3389, -3, 0, 98, 0, 0, 0
4, 3395, -2, 1, 97, 0, 0, 0
4, 3400, -3, -1, 99, 0, 0, 0
4, 3415, -2, 0, 98, 0, 0, 0
4, 3420, -3, -1, 98, 0, 0, 0
4, 3425, -2, 0, 98, 0, 0, 0
4, 3441, -2, 1, 97, 0, 0, 0
4, 3447, -3, 1, 97, 0, 0, 0
4, 3452, -3, 0, 98, 0, 0, 0
4, 3468, -2, 1, 97, 0, 0, 0
4, 3473, -1, 0, 97, 0, 0, 0
4, 3483, -2, 0, 98, 0, 0, 0
4, 3498, -1, 0, 98, 1, 1, 0
4, 3503, -3, -1, 98, 0, 0, 0
4, 3508, -3, -1, 99, 0, 0, 0
4, 3520, -1, 1, 97, 0, 0, 0
4, 3525, -2, 0, 97, 0, 0, 0
4, 3530, -2, 0, 98, 0, 0, 0
4, 3535, -1, 1, 97, 0, 0, 0
4, 3546, -2, 1, 97, 0, 0, 0
4, 3551, -3, 0, 98, 0, 0, 0
4, 3556, -2, 1, 98, 0, 0, 0
4, 3561, -3, 0, 98, 0, 0, 0
4, 3571, -2, 0, 98, 0, 0, 0
4, 3576, -3, -1, 98, 0, 0, 0
4, 3581, -1, 1, 97, 0, 0, 0
