Please enter the name of the file that you want to decode: 
3, 148, -7, 0, 15
4, 148, 65534, 0, 98, 0, 0, 0
5, 167, 248, 246, 240, 253, 248, 258
6, 161, 0, 0, 0, 0, 0
3, 216, -7, 0, 15
4, 226, 65534, 0, 98, 0, 0, 0
5, 268, 248, 248, 243, 253, 248, 258
6, 252, 0, 0, 0, 0, 0
3, 293, -7, 0, 15
4, 293, 65533, 0, 97, 0, 0, 0
5, 337, 251, 248, 243, 251, 248, 258
6, 342, 0, 0, 0, 0, 0
3, 377, -7, 0, 15
4, 372, 65534, 0, 99, 0, 0, 0
5, 418, 249, 248, 240, 253, 248, 258
6, 422, 0, 0, 0, 0, 0
3, 450, -7, 0, 15
4, 450, 65534, 0, 98, 0, 0, 0
5, 518, 249, 248, 243, 253, 245, 258
6, 522, 0, 0, 0, 0, 0
3, 523, -7, 0, 15
4, 518, 65533, 0, 98, 0, 0, 0
5, 598, 251, 248, 243, 253, 245, 260
6, 592, 0, 0, 0, 0, 0
3, 606, -7, 0, 15
4, 596, 65533, 0, 96, 0, 0, 0
5, 678, 249, 248, 243, 253, 245, 258
6, 682, 0, 0, 0, 0, 0
3, 681, -7, 0, 15
4, 675, 65534, 0, 98, 0, 0, 0
5, 47, 248, 248, 243, 253, 245, 258
6, 41, 0, 0, 0, 0, 0
3, 45, -7, 0, 15
4, 45, 65534, 1, 97, 0, 0, 0
End of packet
